% position (mm), X, 
5.000000e-02	1.000000e-05
5.376712e-02	-4.850000e-05
5.753425e-02	-4.400000e-05
6.130137e-02	-2.800000e-05
6.506849e-02	7.500000e-06
6.883562e-02	-4.150000e-05
7.260274e-02	-6.700000e-05
7.636986e-02	-3.500000e-05
8.013699e-02	-1.200000e-05
8.390411e-02	-3.500000e-06
8.767123e-02	-5.150000e-05
9.143836e-02	-3.950000e-05
9.520548e-02	-4.200000e-05
9.897260e-02	2.500000e-06
1.027397e-01	-4.000000e-05
1.065068e-01	-5.200000e-05
1.102740e-01	-4.950000e-05
1.140411e-01	-3.350000e-05
1.178082e-01	-4.250000e-05
1.215753e-01	7.850000e-05
1.253425e-01	5.800000e-05
1.291096e-01	8.100000e-05
1.328767e-01	6.500000e-05
1.366438e-01	5.000000e-07
1.404110e-01	4.850000e-05
1.441781e-01	6.250000e-05
1.479452e-01	-2.500000e-05
1.517123e-01	7.950000e-05
1.554795e-01	1.000000e-06
1.592466e-01	6.000000e-05
1.630137e-01	4.450000e-05
1.667808e-01	5.050000e-05
1.705479e-01	3.800000e-05
1.743151e-01	-4.050000e-05
1.780822e-01	-4.900000e-05
1.818493e-01	-1.500000e-05
1.856164e-01	6.500000e-06
1.893836e-01	-1.575000e-04
1.931507e-01	-9.200000e-05
1.969178e-01	-7.800000e-05
2.006849e-01	-1.190000e-04
2.044521e-01	-1.255000e-04
2.082192e-01	-1.050000e-04
2.119863e-01	-7.100000e-05
2.157534e-01	-1.735000e-04
2.195205e-01	-3.850000e-05
2.232877e-01	6.500000e-06
2.270548e-01	1.155000e-04
2.308219e-01	1.095000e-04
2.345890e-01	1.680000e-04
2.383562e-01	1.920000e-04
2.421233e-01	1.330000e-04
2.458904e-01	1.975000e-04
2.496575e-01	1.525000e-04
2.534247e-01	1.270000e-04
2.571918e-01	1.100000e-04
2.609589e-01	1.365000e-04
2.647260e-01	7.750000e-05
2.684932e-01	1.375000e-04
2.722603e-01	1.370000e-04
2.760274e-01	-1.000000e-06
2.797945e-01	5.300000e-05
2.835616e-01	2.100000e-05
2.873288e-01	-4.900000e-05
2.910959e-01	8.950000e-05
2.948630e-01	6.500000e-05
2.986301e-01	1.070000e-04
3.023973e-01	1.090000e-04
3.061644e-01	-2.250000e-05
3.099315e-01	3.300000e-05
3.136986e-01	1.800000e-05
3.174658e-01	5.850000e-05
3.212329e-01	6.050000e-05
3.250000e-01	-1.100000e-05
3.287671e-01	1.900000e-05
3.325342e-01	2.750000e-05
3.363014e-01	3.900000e-05
3.400685e-01	4.350000e-05
3.438356e-01	-2.550000e-05
3.476027e-01	7.000000e-06
3.513699e-01	1.000000e-06
3.551370e-01	-1.200000e-05
3.589041e-01	-7.900000e-05
3.626712e-01	-4.800000e-05
3.664384e-01	-4.350000e-05
3.702055e-01	-4.100000e-05
3.739726e-01	-9.050000e-05
3.777397e-01	6.437450e-21
3.815068e-01	1.600000e-05
3.852740e-01	-1.850000e-05
3.890411e-01	-5.300000e-05
3.928082e-01	2.500000e-06
3.965753e-01	-4.450000e-05
4.003425e-01	-5.400000e-05
4.041096e-01	3.000000e-06
4.078767e-01	-4.200000e-05
4.116438e-01	-3.750000e-05
4.154110e-01	-2.750000e-05
4.191781e-01	-1.370000e-04
4.229452e-01	-2.000000e-06
4.267123e-01	-4.000000e-05
4.304795e-01	-8.900000e-05
4.342466e-01	-5.350000e-05
4.380137e-01	-1.650000e-05
4.417808e-01	-5.400000e-05
4.455479e-01	-1.000000e-04
4.493151e-01	-1.850000e-05
4.530822e-01	-2.150000e-05
4.568493e-01	-6.700000e-05
4.606164e-01	-3.800000e-05
4.643836e-01	-6.850000e-05
4.681507e-01	1.400000e-05
4.719178e-01	-1.500000e-05
4.756849e-01	-1.650000e-05
4.794521e-01	-7.500000e-06
4.832192e-01	4.200000e-05
4.869863e-01	5.300000e-05
4.907534e-01	-1.650000e-05
4.945205e-01	3.100000e-05
4.982877e-01	3.900000e-05
5.020548e-01	4.350000e-05
5.058219e-01	1.295000e-04
5.095890e-01	1.315000e-04
5.133562e-01	3.755000e-04
5.171233e-01	6.120000e-04
5.208904e-01	1.148500e-03
5.246575e-01	1.861500e-03
5.284247e-01	3.021500e-03
5.321918e-01	4.417500e-03
5.359589e-01	7.012500e-03
5.397260e-01	9.386000e-03
5.434932e-01	1.342450e-02
5.472603e-01	1.855400e-02
5.510274e-01	2.328400e-02
5.547945e-01	3.014600e-02
5.585616e-01	3.545400e-02
5.623288e-01	4.133700e-02
5.660959e-01	4.593100e-02
5.698630e-01	4.828700e-02
5.736301e-01	4.767000e-02
5.773973e-01	4.227350e-02
5.811644e-01	3.398400e-02
5.849315e-01	1.919000e-02
5.886986e-01	4.634000e-03
5.924658e-01	-1.815300e-02
5.962329e-01	-4.082950e-02
6.000000e-01	-6.063800e-02
6.037671e-01	-7.856800e-02
6.075342e-01	-8.847300e-02
6.113014e-01	-8.986550e-02
6.150685e-01	-8.233150e-02
6.188356e-01	-6.755400e-02
6.226027e-01	-4.848150e-02
6.263699e-01	-2.288900e-02
6.301370e-01	-3.819500e-03
6.339041e-01	1.413850e-02
6.376712e-01	2.281550e-02
6.414384e-01	2.550450e-02
6.452055e-01	2.205450e-02
6.489726e-01	1.564150e-02
6.527397e-01	9.378000e-03
6.565068e-01	4.564500e-03
6.602740e-01	3.816000e-03
6.640411e-01	5.641000e-03
6.678082e-01	8.647500e-03
6.715753e-01	1.049650e-02
6.753425e-01	1.025000e-02
6.791096e-01	7.995000e-03
6.828767e-01	3.612500e-03
6.866438e-01	-4.195000e-04
6.904110e-01	-2.702000e-03
6.941781e-01	-2.957000e-03
6.979452e-01	-1.398000e-03
7.017123e-01	1.385000e-04
7.054795e-01	1.141500e-03
7.092466e-01	5.850000e-04
7.130137e-01	-1.054500e-03
7.167808e-01	-2.785000e-03
7.205479e-01	-3.352500e-03
7.243151e-01	-2.641500e-03
7.280822e-01	-1.550000e-03
7.318493e-01	-5.845000e-04
7.356164e-01	-8.175000e-04
7.393836e-01	-2.016500e-03
7.431507e-01	-3.467000e-03
7.469178e-01	-4.179000e-03
7.506849e-01	-3.627500e-03
7.544521e-01	-1.960000e-03
7.582192e-01	-5.100000e-04
7.619863e-01	2.450000e-05
7.657534e-01	-5.685000e-04
7.695205e-01	-1.724000e-03
7.732877e-01	-2.767000e-03
7.770548e-01	-2.839500e-03
7.808219e-01	-2.044000e-03
7.845890e-01	-1.036000e-03
7.883562e-01	-5.955000e-04
7.921233e-01	-7.850000e-04
7.958904e-01	-1.148000e-03
7.996575e-01	-1.202500e-03
8.034247e-01	-6.005000e-04
8.071918e-01	1.495000e-04
8.109589e-01	5.495000e-04
8.147260e-01	1.565000e-04
8.184932e-01	-8.965000e-04
8.222603e-01	-1.748000e-03
8.260274e-01	-1.886000e-03
8.297945e-01	-1.412500e-03
8.335616e-01	-5.660000e-04
8.373288e-01	-4.950000e-05
8.410959e-01	-3.200000e-05
8.448630e-01	-4.430000e-04
8.486301e-01	-6.110000e-04
8.523973e-01	-4.480000e-04
8.561644e-01	-1.450000e-04
8.599315e-01	-1.850000e-05
8.636986e-01	-1.540000e-04
8.674658e-01	-5.960000e-04
8.712329e-01	-6.705000e-04
8.750000e-01	-1.515000e-04
8.787671e-01	5.455000e-04
8.825342e-01	1.099000e-03
8.863014e-01	1.139500e-03
8.900685e-01	6.485000e-04
8.938356e-01	6.500000e-06
8.976027e-01	-3.500000e-04
9.013699e-01	-1.530000e-04
9.051370e-01	1.475000e-04
9.089041e-01	3.015000e-04
9.126712e-01	3.265000e-04
9.164384e-01	4.020000e-04
9.202055e-01	5.650000e-04
9.239726e-01	8.535000e-04
9.277397e-01	9.695000e-04
9.315068e-01	8.655000e-04
9.352740e-01	4.215000e-04
9.390411e-01	1.810000e-04
9.428082e-01	2.055000e-04
9.465753e-01	6.285000e-04
9.503425e-01	1.065500e-03
9.541096e-01	1.193500e-03
9.578767e-01	1.275500e-03
9.616438e-01	1.065500e-03
9.654110e-01	1.120000e-03
9.691781e-01	1.086000e-03
9.729452e-01	9.175000e-04
9.767123e-01	7.100000e-04
9.804795e-01	4.240000e-04
9.842466e-01	2.710000e-04
9.880137e-01	3.800000e-04
9.917808e-01	8.190000e-04
9.955479e-01	1.136000e-03
9.993151e-01	1.293000e-03
1.003082e+00	1.131500e-03
1.006849e+00	9.130000e-04
1.010616e+00	7.800000e-04
1.014384e+00	6.600000e-04
1.018151e+00	5.970000e-04
1.021918e+00	4.225000e-04
1.025685e+00	2.265000e-04
1.029452e+00	3.545000e-04
1.033219e+00	6.900000e-04
1.036986e+00	1.114000e-03
1.040753e+00	1.268500e-03
1.044521e+00	1.217000e-03
1.048288e+00	8.530000e-04
1.052055e+00	7.300000e-04
1.055822e+00	5.750000e-04
1.059589e+00	5.375000e-04
1.063356e+00	5.335000e-04
1.067123e+00	5.525000e-04
1.070890e+00	5.345000e-04
1.074658e+00	7.135000e-04
1.078425e+00	9.265000e-04
1.082192e+00	9.230000e-04
1.085959e+00	7.330000e-04
1.089726e+00	4.335000e-04
1.093493e+00	1.665000e-04
1.097260e+00	7.450000e-05
1.101027e+00	2.000000e-04
1.104795e+00	3.950000e-04
1.108562e+00	5.095000e-04
1.112329e+00	5.425000e-04
1.116096e+00	6.550000e-04
1.119863e+00	5.990000e-04
1.123630e+00	4.890000e-04
1.127397e+00	3.050000e-04
1.131164e+00	7.000000e-05
1.134932e+00	-1.795000e-04
1.138699e+00	-1.970000e-04
1.142466e+00	5.000000e-05
1.146233e+00	2.450000e-04
1.150000e+00	3.880000e-04
